mean: 75.409091 
sd: 1.000000 
se: 1.000000 
skewness: 458726.045455 
kurtosis: 36808049.136364